# time dt fps
0.2194951 48.39643 20.66268
0.4460956 74.05881 13.50278
0.6666838 31.94196 31.30679
0.8881693 31.96105 31.28809
1.092779 29.18996 34.25835
1.322325 30.70996 32.56273
1.547726 31.21741 32.03341
1.749394 16.92169 59.09576
1.951751 17.34101 57.66679
2.15488 16.88164 59.23594
2.369068 21.78615 45.90073
2.579257 16.76808 59.63713
2.783453 16.80534 59.50488
2.98825 17.08854 58.51874
3.191698 17.41238 57.43041
3.397231 17.21556 58.08698
3.601409 17.07194 58.57566
3.805681 17.20825 58.11167
4.018914 17.07479 58.56588
4.222253 17.22283 58.06247
4.428074 17.55221 56.97289
4.633983 17.29677 57.81426
4.837436 17.02259 58.74545
5.042812 16.66694 59.999
5.247914 17.10283 58.46984
5.453492 16.70376 59.86674
5.657702 17.17636 58.21954
5.861683 16.99899 58.82703
6.066397 17.23031 58.03726
6.269862 17.31302 57.76001
6.47354 16.76692 59.64124
6.676326 16.85823 59.3182
6.879314 17.11269 58.43618
7.084426 17.21623 58.08471
7.287986 16.66601 60.00235
7.49418 17.38921 57.50691
7.698722 16.69294 59.90555
7.902491 17.29606 57.81663
8.106064 17.13362 58.36478
8.310122 16.95615 58.97566
8.513465 17.22294 58.06208
8.717163 16.96932 58.92987
8.920718 17.17449 58.22589
9.124672 16.86003 59.31189
9.335369 16.90241 59.16315
9.537416 16.66022 60.02321
9.740031 17.06015 58.61615
9.943841 17.21868 58.07647
10.14759 16.65348 60.0475
10.35102 17.49654 57.15417
10.55291 16.9641 58.94802
10.75926 18.64864 53.6232
10.96226 16.66288 60.01365
11.1658 17.33207 57.6965
11.36867 16.77995 59.59495
11.57135 16.74334 59.72523
11.77374 16.75148 59.69621
11.97655 16.6817 59.94595
12.18026 16.92939 59.06887
12.38357 17.01058 58.78694
12.58733 17.00242 58.81514
12.7913 17.05719 58.6263
12.99434 16.82679 59.42903
13.1983 16.81296 59.47793
13.4013 17.1855 58.18858
13.60462 16.96394 58.94857
13.80707 16.78762 59.5677
14.01069 16.99029 58.85715
14.21384 16.85564 59.32733
14.41812 17.29227 57.82932
14.62153 16.75224 59.69353
14.83058 17.01418 58.77449
15.03357 16.75389 59.68763
15.23568 16.90887 59.14055
15.43838 16.66697 59.99891
15.6412 17.01206 58.78182
15.84459 16.82897 59.42133
16.0468 16.90634 59.14941
16.25029 16.73226 59.76478
16.45289 17.19398 58.15988
16.65524 16.6805 59.95026
16.85822 16.82944 59.41967
17.06133 16.79577 59.53878
17.26334 16.85473 59.33051
17.46623 16.72581 59.78783
17.67069 17.39495 57.48794
17.87387 16.87078 59.2741
18.07781 16.85237 59.33884
18.28142 16.99332 58.84666
18.4841 16.93187 59.06024
18.68774 17.11185 58.43905
18.89116 16.98225 58.88501
19.09363 16.72146 59.8034
19.29663 17.29769 57.81119
19.49992 17.30849 57.7751
19.70294 16.83167 59.41181
19.90513 16.69036 59.91481
20.11581 24.71745 40.45725
20.32032 16.77934 59.59709
20.52252 16.66759 59.99669
20.7249 16.6898 59.91684
20.92756 17.09387 58.5005
21.12944 16.69654 59.89264
21.33299 16.69177 59.90975
21.53754 17.09101 58.51028
21.74239 16.8728 59.26698
21.94514 16.68623 59.92965
22.14739 16.80872 59.49294
22.34954 16.92478 59.08496
22.55222 16.72892 59.77674
22.75578 17.27638 57.88249
22.9593 16.92355 59.08926
23.16342 17.14307 58.3326
23.36546 16.70451 59.86406
23.5689 16.95931 58.96465
23.77181 16.96096 58.95892
23.97453 16.70595 59.8589
24.17839 16.74825 59.70771
24.38197 16.67444 59.97203
24.58443 17.16173 58.2692
24.78784 17.18868 58.17783
24.99022 17.01734 58.76359
25.19264 16.94418 59.01733
25.39589 16.94022 59.03112
25.59836 17.00815 58.79536
25.80315 16.71592 59.8232
26.00622 16.66685 59.99935
26.21184 17.20426 58.12513
26.41701 17.20562 58.12056
26.62708 16.92661 59.07858
26.82922 16.85205 59.33997
27.03175 16.91562 59.11697
27.23434 16.67212 59.98038
27.43721 16.76134 59.66109
27.64587 17.94273 55.73288
27.86076 16.66512 60.00558
28.06806 18.75207 53.32745
28.27274 16.91587 59.11607
28.47588 17.88938 55.89909
28.69409 18.48877 54.08688
28.90248 16.95774 58.97011
29.11567 18.14085 55.1242
29.32968 16.73729 59.74681
29.54429 17.53829 57.01811
29.75684 16.66442 60.00808
29.96498 16.7738 59.6168
30.17816 16.8552 59.32889
30.38378 16.71304 59.83351
30.58814 16.79209 59.55185
30.78983 16.77606 59.60876
30.99717 19.27987 51.86758
31.19734 16.66385 60.01016
31.40329 17.03371 58.7071
31.60652 16.96039 58.96091
31.81047 16.73951 59.73891
32.01351 16.69195 59.90912
32.21719 16.74208 59.72972
32.42017 16.78624 59.57262
32.62265 16.95621 58.97546
32.82639 16.9967 58.83496
33.02881 16.73266 59.76334
33.23215 16.66379 60.01035
33.43566 16.89341 59.19469
33.63937 16.91539 59.11777
33.84407 16.72255 59.79949
34.04795 17.17226 58.23345
34.25164 16.90132 59.16697
34.45531 17.22344 58.06041
34.65963 16.98068 58.89046
34.86193 16.66516 60.00544
35.06797 17.09156 58.5084
35.27156 16.91358 59.12408
35.47472 16.84875 59.35159
35.67778 16.78333 59.58294
35.88153 16.66992 59.98829
36.08552 16.76457 59.64962
36.29092 16.66156 60.01839
36.49477 16.97226 58.91969
36.70929 16.85676 59.32338
36.91411 16.89621 59.18488
37.11857 16.95302 58.98655
37.32178 16.9091 59.13976
37.52813 17.13904 58.34632
37.73174 17.01459 58.77308
37.93551 17.00383 58.81028
38.14407 16.77814 59.60135
38.35321 16.82425 59.438
38.55931 17.02905 58.7232
38.76656 16.66077 60.02122
38.97168 16.69573 59.89554
39.18115 16.68307 59.94099
39.38596 16.77918 59.59767
39.59291 16.73227 59.76475
39.80024 16.66693 59.99905
40.00913 16.868 59.28387
40.21392 16.87111 59.27293
40.41885 16.81516 59.47013
40.62764 16.93664 59.0436
40.83295 16.93649 59.04413
41.03652 16.68298 59.94132
41.24173 16.83956 59.38399
41.4456 16.79942 59.52586
41.65089 16.98076 58.89017
41.85492 17.0097 58.78999
42.06021 16.78812 59.56591
42.2682 16.7771 59.60506
42.47343 16.80019 59.52314
42.68171 16.76725 59.64006
42.88977 16.83973 59.38338
43.09651 16.79111 59.55533
43.30121 16.72972 59.77386
43.50656 16.86281 59.3021
43.7138 16.87194 59.27
43.9209 16.78479 59.57776
44.12886 16.73563 59.75275
44.3381 16.68417 59.93707
44.5476 18.58964 53.79339
44.75295 16.7272 59.78288
44.9619 16.90244 59.16304
45.17268 16.78631 59.57235
45.38057 16.66676 59.99966
45.58995 16.87389 59.26316
45.79639 16.71848 59.81405
46.00806 16.71943 59.81065
46.21471 16.93722 59.04155
46.42059 16.74588 59.71618
46.62907 16.69876 59.88468
46.83389 16.78822 59.56557
47.04284 16.67845 59.95761
47.24842 16.73742 59.74636
47.45577 16.69712 59.89056
47.66591 16.80649 59.50082
47.87227 18.12701 55.1663
48.07732 16.75144 59.69636
48.28702 16.80728 59.49803
48.49317 16.78729 59.56887
48.70222 16.72492 59.79103
48.90804 16.66131 60.01929
49.11718 16.7245 59.79251
49.32555 16.788 59.56637
49.5319 16.80831 59.49437
49.73994 16.70013 59.87976
49.94587 16.82625 59.43094
50.15247 16.67933 59.95443
50.36024 16.68356 59.93926
50.56546 16.69896 59.88398
50.77148 16.66098 60.02048
50.9775 16.85097 59.34377
51.18422 17.49416 57.16195
51.38803 16.66982 59.98866
51.59556 16.67212 59.98037
51.80458 20.84258 47.97869
52.01142 16.67402 59.97353
52.21735 16.69909 59.88349
52.42559 16.69949 59.88206
52.6322 16.68042 59.95054
52.83946 16.87079 59.27403
53.04069 16.69625 59.89371
53.24322 17.06184 58.61031
53.44714 16.78152 59.58937
53.65261 16.65994 60.02421
53.85686 16.8326 59.40852
54.05987 17.07623 58.56092
54.26321 16.9034 59.15969
54.46802 17.11121 58.44122
54.67291 16.70059 59.87813
54.8773 16.78441 59.57911
55.08234 16.6922 59.90824
55.28706 16.94677 59.00831
55.49166 16.66984 59.98857
55.69637 16.78402 59.58047
55.90066 16.67252 59.97892
56.1054 16.73585 59.75197
56.31089 16.67337 59.97588
56.5169 16.81245 59.47974
56.71984 16.66132 60.01926
56.92305 16.89067 59.20427
57.12825 16.78535 59.57576
57.33241 16.89214 59.19912
57.53669 16.66746 59.99715
57.74206 16.85806 59.31879
57.94359 16.66459 60.00747
58.14914 16.80474 59.50703
58.35179 16.77185 59.62373
58.5573 16.78741 59.56847
58.7728 18.59288 53.78402
58.97744 16.88294 59.2314
59.18308 16.66096 60.02055
59.38739 16.70563 59.86008
59.59108 16.99748 58.83223
59.79618 16.87358 59.26424
60.00013 16.72539 59.78933
60.20329 16.66937 59.99027
60.40553 16.82242 59.44448
60.6101 16.93054 59.06485
60.81258 16.76957 59.63181
61.0176 16.67601 59.96639
61.22008 16.66952 59.98972
61.42257 16.73715 59.74731
61.62739 17.08373 58.53522
61.83086 17.00187 58.81705
62.03331 16.87468 59.26038
62.23574 17.09311 58.50309
62.43958 18.36735 54.44445
62.64218 16.87543 59.25777
62.84604 16.88934 59.20895
63.04958 16.88346 59.22958
63.25139 16.73498 59.75508
63.45401 16.85101 59.34362
63.65618 16.74683 59.71279
63.85964 16.78104 59.59105
64.07996 35.00591 28.56661
64.28306 16.66802 59.99514
64.48753 16.68561 59.93187
64.69033 16.85392 59.33339
64.89419 16.80151 59.51847
65.09735 16.66498 60.00606
65.31255 20.11383 49.71702
65.51817 19.7837 50.54667
65.73122 17.01244 58.78051
65.94425 17.94936 55.7123
66.15839 17.89608 55.87816
66.37429 16.68318 59.9406
66.57652 17.02257 58.74554
66.7818 18.42944 54.26101
66.98544 17.68783 56.53605
67.19115 16.7467 59.71326
67.39529 16.6618 60.01752
67.60144 16.66349 60.01143
67.80547 16.63744 60.10542
68.01387 16.66576 60.00325
68.21714 16.81979 59.45377
68.42194 16.82355 59.44048
68.62431 17.33412 57.68969
68.82721 16.75861 59.67083
69.04037 16.68693 59.92714
69.25191 17.51184 57.10422
69.45357 16.86222 59.30416
69.66063 16.67026 59.98706
69.86581 16.79112 59.55527
70.07332 16.87113 59.27285
70.28075 16.79767 59.53207
70.48509 16.74844 59.70706
70.69318 16.78341 59.58265
70.89429 16.87573 59.25668
71.09725 16.94111 59.02802
71.30393 16.66499 60.00605
71.50723 18.37983 54.40747
71.70915 16.78119 59.59053
71.91573 17.6665 56.60429
72.11952 17.44856 57.31131
72.32339 16.66559 60.00386
72.52792 16.69234 59.90772
72.73158 17.9618 55.67371
72.93417 17.0191 58.75752
73.13773 16.8261 59.43147
73.34387 17.64468 56.6743
73.54708 17.3993 57.47358
73.75009 16.97955 58.89437
73.95477 17.7535 56.32691
74.15939 16.69227 59.90799
74.37601 17.91778 55.81048
74.58054 16.76488 59.64852
74.78422 16.72525 59.78985
74.98659 16.99287 58.84821
75.20236 16.86116 59.3079
75.40693 17.67495 56.57724
75.6095 16.78303 59.58401
75.81427 17.02654 58.73184
76.01805 16.7956 59.53938
76.22443 16.70508 59.86202
76.42896 16.93527 59.04836
76.63445 16.98309 58.88211
76.83893 17.01352 58.7768
77.04352 17.07194 58.57566
77.24648 17.06399 58.60295
77.44913 16.76171 59.65977
77.65261 16.89046 59.20503
77.8606 16.82265 59.44368
78.07137 17.03768 58.69342
78.2737 16.73938 59.73937
78.48729 17.07992 58.54827
78.69342 16.66882 59.99224
78.90391 17.47674 57.21892
79.1195 16.66298 60.01326
79.32615 16.73344 59.76058
79.53288 16.70181 59.87376
79.73867 16.66365 60.01087
79.94562 16.66468 60.00715
80.15177 17.33339 57.69212
80.36231 17.02827 58.72588
80.57134 17.06414 58.60241
80.77946 17.07399 58.56861
80.98454 16.66971 59.98906
81.19241 17.62997 56.72161
81.39826 16.85787 59.31947
81.60867 17.06369 58.60397
81.81378 16.76116 59.66175
82.01787 16.81735 59.46239
82.22511 16.86454 59.29603
82.42984 16.79553 59.53966
82.6355 16.65452 60.04376
82.8394 17.04761 58.65924
83.04494 17.98103 55.61416
83.24984 16.72776 59.78086
83.45336 16.72653 59.78527
83.66134 16.67006 59.98777
83.86906 16.66481 60.00668
84.08017 16.88395 59.22784
84.28564 18.11937 55.18955
84.50018 16.88357 59.22916
84.7076 16.69912 59.88339
84.91581 18.69304 53.49583
85.12415 16.7724 59.62177
85.33164 18.61275 53.72661
85.54106 18.07978 55.31041
85.74911 18.13411 55.14469
85.96111 16.80573 59.50351
86.17355 35.02711 28.54931
86.38978 17.09248 58.50525
86.60264 16.84264 59.37312
86.81214 17.73665 56.38043
87.02302 18.21686 54.89421
87.23358 16.77358 59.61758
87.44523 17.42661 57.38351
87.65738 16.82293 59.44268
87.87224 16.6737 59.97469
88.08508 18.10771 55.22509
88.29966 18.83149 53.10255
88.51317 16.75957 59.66741
88.72539 19.49457 51.29632
88.93299 16.74582 59.71641
89.13462 18.07353 55.32952
89.35129 17.41212 57.43125
89.55152 18.82406 53.1235
89.76447 16.82098 59.44958
89.97789 16.96483 58.94548
90.19115 17.6216 56.74854
90.40297 18.20115 54.94158
90.61708 16.98264 58.88367
90.82948 16.67005 59.98781
91.04465 16.90288 59.16152
91.25539 17.69101 56.52588
91.46982 16.78767 59.56752
91.68074 16.71343 59.83211
91.89615 36.34979 27.51048
92.10906 16.79655 59.53604
92.32287 18.96858 52.71875
92.53261 17.18767 58.18126
92.74657 16.95607 58.97593
92.95905 16.97864 58.89753
93.17292 16.69554 59.89623
93.39121 18.52627 53.9774
93.60452 19.13293 52.26591
93.81748 17.59872 56.82231
94.0318 19.40578 51.53103
94.24395 20.2309 49.42933
94.45544 19.93762 50.15645
94.6689 19.96802 50.08009
94.87975 18.33617 54.53702
95.0935 17.80559 56.16215
95.30892 19.67473 50.82662
95.5237 19.87134 50.32374
95.73566 18.57745 53.82871
95.94885 20.23252 49.42539
96.17141 34.92871 28.62974
96.38468 16.71194 59.83744
96.60111 16.68863 59.92105
96.80505 22.04843 45.3547
97.02184 18.35055 54.49429
97.23841 20.20394 49.4953
97.44138 20.08387 49.79119
97.65779 24.26554 41.2107
97.87301 20.9382 47.75961
98.09029 28.43027 35.17377
98.30714 21.11267 47.36493
98.52097 16.74136 59.7323
98.72705 21.53297 46.44041
98.92937 21.6764 46.13311
99.14841 20.43132 48.94445
99.363 18.89643 52.92005
99.56876 17.17707 58.21715
99.77227 16.67405 59.97344
99.9848 16.69369 59.90289
100.1921 18.51167 54.01998
100.3979 17.47602 57.22126
100.6046 18.26364 54.75359
100.8091 17.70674 56.47567
101.0156 17.56164 56.94228
101.2205 18.4679 54.14801
101.4271 18.9418 52.79328
101.6312 17.63367 56.70971
101.8363 16.8033 59.51211
102.0363 17.98742 55.5944
102.2404 17.0608 58.61388
102.4498 16.85238 59.3388
102.6565 16.68229 59.9438
102.8702 16.85138 59.34232
103.0867 16.8931 59.19576
103.2975 16.71186 59.83773
103.4993 32.10957 31.14336
103.7086 16.80833 59.4943
103.9124 16.76837 59.63608
104.1232 16.9584 58.96783
104.33 16.84277 59.37266
104.5347 16.72801 59.77998
104.7399 17.49473 57.16008
104.9462 16.70391 59.86622
105.152 16.66208 60.01654
105.3587 16.67612 59.96598
105.5684 16.66362 60.01096
105.776 16.84262 59.37317
105.9808 16.74583 59.71637
106.188 16.81179 59.48206
106.3946 16.89271 59.19714
106.5994 17.0063 58.80174
106.8089 16.80568 59.50369
107.016 16.78252 59.58579
107.2227 16.90117 59.16748
107.4283 17.12734 58.38619
107.634 16.67246 59.97914
107.8423 16.81282 59.47842
108.0555 19.54961 51.15192
108.2612 16.67101 59.98436
108.4768 17.21591 58.08582
108.6855 20.16929 49.58032
108.8935 17.42403 57.39201
109.1041 19.43595 51.45106
109.3099 18.12488 55.17277
109.515 18.34919 54.49833
109.7193 18.56224 53.87281
109.9242 17.88224 55.92141
110.1316 19.33215 51.72731
110.3363 18.16829 55.04094
110.5402 16.67032 59.98686
110.7477 18.5746 53.83697
110.9522 19.41844 51.49744
111.168 20.11221 49.72104
111.3765 19.41782 51.4991
111.5825 18.39751 54.35519
111.7926 19.9726 50.0686
112.0004 18.90388 52.89919
112.2087 18.47863 54.11657
112.4161 18.36044 54.46492
112.6244 19.23755 51.98168
112.8318 19.59565 51.03174
113.037 19.5591 51.1271
113.2501 21.75396 45.96864
113.4621 20.39981 49.02007
113.6725 18.62348 53.69566
113.8796 17.90691 55.84437
114.0884 18.48319 54.10321
114.2955 19.81846 50.45801
114.5052 16.81452 59.4724
114.7213 17.47934 57.21041
114.9287 17.72572 56.41521
115.1363 16.67852 59.95737
115.3459 17.95726 55.68779
115.5533 18.13711 55.13558
115.7605 18.8744 52.98182
115.9686 19.22278 52.0216
116.1794 19.70597 50.74606
116.3876 18.81589 53.14658
116.5922 17.14139 58.33833
116.8003 19.55201 51.14563
117.0081 18.56564 53.86295
117.2164 19.40464 51.53407
117.4248 18.6381 53.65354
117.6361 17.89176 55.89165
117.8482 18.471 54.13891
118.0589 18.4496 54.20171
118.2676 18.32316 54.57573
118.4763 17.59888 56.82181
118.6782 21.10804 47.37532
118.8815 17.97122 55.64453
119.0885 16.79198 59.55223
119.2946 18.80153 53.18715
119.5001 19.07679 52.41971
119.7108 24.41373 40.96055
119.9195 16.74326 59.72552
120.1261 16.93511 59.04892
120.3381 17.81666 56.12724
120.5456 16.81697 59.46375
120.7562 20.21166 49.4764
120.9619 16.84408 59.36804
121.1722 16.68265 59.94253
121.3811 16.70913 59.84751
121.5969 17.87696 55.93793
121.8052 17.379 57.54073
122.0117 18.47939 54.11435
122.221 16.66694 59.99902
122.4284 16.72502 59.79065
122.6335 16.82806 59.42456
122.8404 16.69501 59.89812
123.0498 16.7949 59.54189
123.2534 16.89855 59.17667
123.4611 16.66287 60.01368
123.6689 16.82339 59.44105
123.8734 16.77859 59.59976
124.077 16.72855 59.77806
124.284 18.08044 55.30839
124.4898 16.9673 58.93689
124.6969 17.64334 56.67862
124.9104 19.78858 50.5342
125.1176 16.72227 59.80048
125.3314 16.98397 58.87905
125.5407 16.76945 59.63225
125.7446 16.78631 59.57236
125.9495 16.75586 59.68062
126.1574 16.83949 59.38422
126.364 16.71196 59.8374
126.569 16.75038 59.70016
126.7732 16.76176 59.65961
126.9804 16.67152 59.98254
127.1866 16.72448 59.79258
127.3893 16.83579 59.39726
127.596 20.05627 49.85973
127.8052 21.77456 45.92516
128.0082 17.07788 58.55526
128.2163 18.552 53.90255
128.4207 19.97991 50.05026
128.6237 17.85886 55.9946
128.8277 18.78899 53.22267
129.0331 16.72484 59.7913
129.2394 18.60987 53.73494
129.4436 18.0434 55.42192
129.6488 16.76922 59.63307
129.8558 17.39844 57.47643
130.0616 16.76712 59.64053
130.271 17.46522 57.25665
130.4784 18.08894 55.2824
130.6854 16.88887 59.21059
130.8916 18.92862 52.83004
131.0966 16.90627 59.14966
131.305 19.52114 51.22653
131.5151 17.85387 56.01025
131.7234 19.46392 51.3771
131.9282 17.52206 57.07091
132.1324 18.07153 55.33567
132.3358 17.25066 57.96881
132.5397 18.08945 55.28085
132.7435 17.21194 58.09921
132.9482 16.88778 59.21441
133.1518 16.68595 59.93066
133.3556 17.99174 55.58104
133.5599 18.03691 55.44186
133.7634 17.70161 56.49205
133.9667 16.8674 59.28596
134.1692 16.72967 59.77403
134.3734 16.81016 59.48783
134.5799 19.95169 50.12106
134.7841 17.28078 57.86775
134.9876 17.38489 57.52122
135.1914 17.07493 58.56538
135.395 17.06 58.61665
135.5992 16.88806 59.21344
135.8043 18.91259 52.87484
136.0063 16.82917 59.42064
136.2117 16.68163 59.94616
136.4182 16.84933 59.34955
136.6217 16.79669 59.53555
136.8218 16.86104 59.30832
137.0273 17.05082 58.6482
137.2306 17.03635 58.69802
137.4369 16.81701 59.4636
137.6409 17.00497 58.80635
137.8475 16.66339 60.01181
138.0514 16.92744 59.07569
138.2566 17.09669 58.49087
138.4604 16.73186 59.76622
138.6637 17.06096 58.61336
138.8676 16.67446 59.97195
139.0708 16.88147 59.23654
139.2752 16.85804 59.31889
139.481 16.80618 59.5019
139.6865 16.91394 59.12283
139.8897 16.75448 59.68553
140.0934 17.4235 57.39376
140.3013 16.98485 58.876
140.5067 16.65973 60.02498
140.7149 16.98616 58.87147
140.9209 17.95643 55.69036
141.1252 16.72258 59.79939
141.3304 16.9085 59.14184
141.5365 16.66796 59.99533
141.7504 16.82239 59.4446
141.955 16.68811 59.92292
142.1589 16.80143 59.51875
142.36 16.76015 59.66536
142.5623 16.92721 59.07647
142.7656 16.84172 59.37634
142.9684 16.75456 59.68523
143.1727 17.23012 58.03791
143.3772 16.66201 60.01677
143.5799 16.98943 58.86011
143.7824 16.99594 58.83757
143.9852 16.7191 59.81184
144.1881 16.93147 59.06161
144.3921 17.11961 58.41254
144.5969 16.92244 59.09313
144.7992 16.66805 59.99502
145.0015 16.86683 59.28798
145.207 16.66955 59.9896
145.4117 17.126 58.39076
145.6147 16.98131 58.88827
145.8176 16.96702 58.93789
146.0196 16.69403 59.90167
146.2227 16.66573 60.00337
146.4259 16.87899 59.24524
146.6287 16.8827 59.23222
146.8307 16.72988 59.7733
147.0339 16.71556 59.8245
147.2389 17.02831 58.72573
147.4429 16.81468 59.47184
147.6448 16.8303 59.41666
147.8468 17.05203 58.64405
148.0493 16.79012 59.55882
148.2521 17.09649 58.49152
148.4562 16.66876 59.99247
148.6613 16.77786 59.60236
148.8637 17.58716 56.85965
149.0707 16.68055 59.95005
149.2759 17.10384 58.4664
149.4786 16.97716 58.90266
149.6806 16.7502 59.70077
149.8843 17.12447 58.39597
150.0875 17.04123 58.68121
150.2895 16.76598 59.6446
150.4916 17.10815 58.45168
150.694 16.92446 59.08607
150.8985 16.78299 59.58414
151.1021 16.93309 59.05598
151.3049 16.81042 59.48693
151.5093 16.84522 59.36401
151.7116 17.10594 58.45921
151.9147 16.95437 58.98185
152.118 16.66753 59.9969
152.3213 16.67222 59.98003
152.5255 16.7156 59.82435
152.7282 17.07222 58.57468
152.9328 17.25161 57.96561
153.1483 31.00675 32.25104
153.3543 16.90562 59.15191
153.5587 16.87988 59.24211
153.7641 17.14283 58.33343
153.9672 16.82647 59.43016
154.1734 16.91993 59.10189
154.3787 17.04404 58.67154
154.597 25.52064 39.18397
154.8085 17.14774 58.31674
155.0132 17.18174 58.20132
155.2168 17.21273 58.09652
155.42 17.13691 58.35359
155.623 17.08704 58.5239
155.8288 17.2557 57.95187
156.0325 16.90296 59.16125
156.2365 17.14036 58.34184
156.4403 17.07533 58.56403
156.6448 17.29758 57.81156
156.8482 17.07648 58.56008
157.0513 17.15042 58.30759
157.2541 16.94803 59.00389
157.4579 16.98853 58.86326
157.6605 17.09128 58.50938
157.8633 17.18249 58.1988
158.0675 17.19402 58.15976
158.27 16.70466 59.86352
158.4729 17.1039 58.46621
158.6878 28.48182 35.11012
158.8923 24.04289 41.59234
159.0974 18.13228 55.15025
159.3002 16.69643 59.89305
159.5032 16.79966 59.525
159.7055 16.84476 59.36565
159.9079 16.71067 59.84199
160.1104 17.00471 58.80722
160.3136 16.92252 59.09284
160.517 17.26042 57.93601
160.7201 16.83383 59.40419
160.9224 16.68347 59.93957
161.1255 16.90438 59.15625
161.3286 16.98693 58.86879
161.5314 16.66682 59.99945
161.7351 17.08495 58.53105
161.9375 16.82451 59.43709
162.1409 17.178 58.214
162.3433 17.0205 58.75266
162.546 16.76376 59.65249
162.7504 17.0632 58.60565
162.953 16.94875 59.00141
163.1587 19.0357 52.53288
163.3697 21.43203 46.65913
163.5736 16.71288 59.8341
163.7799 17.41926 57.40771
163.9849 16.94681 59.00816
164.1913 17.51951 57.07924
164.3974 21.21212 47.14286
164.6181 29.44353 33.96332
164.8319 29.8294 33.52397
165.0443 21.20538 47.15785
165.2579 16.82528 59.43437
165.4727 16.71964 59.80989
165.6871 16.97229 58.91956
165.9014 17.87071 55.95748
166.1016 17.02846 58.72522
166.3153 17.77095 56.27162
166.5316 18.84884 53.05366
166.7328 16.71863 59.8135
166.9489 16.66852 59.99334
167.1494 17.36772 57.57807
167.3658 18.23778 54.83123
167.5661 17.90377 55.85416
167.7721 19.08291 52.40291
167.9762 19.49687 51.29029
168.1857 25.45603 39.28342
168.3882 18.76656 53.28628
168.5924 19.3485 51.68361
168.7958 19.43414 51.45583
169.0069 20.33727 49.17081
169.2247 18.58308 53.81239
169.4327 20.63372 48.46436
169.6409 19.25028 51.94729
169.8497 21.62722 46.23803
170.0617 25.11241 39.82095
170.2752 23.03289 43.41617
170.4823 20.78396 48.11402
170.6972 16.73701 59.74785
170.9115 21.91523 45.63036
171.1213 20.0516 49.87134
171.3346 18.03869 55.4364
171.5381 19.32677 51.74172
171.7384 20.44249 48.91772
171.9457 20.9996 47.61996
172.1532 19.49977 51.28266
172.3535 23.402 42.73138
172.5728 20.38236 49.06204
172.7804 18.97948 52.68849
172.9982 19.22025 52.02846
173.2212 23.20013 43.1032
173.4218 24.82367 40.28413
173.6239 25.14867 39.76353
173.8285 17.23035 58.03711
174.0502 22.66965 44.11185
174.2535 27.99191 35.7246
174.4697 16.72747 59.78189
174.6886 19.12704 52.282
174.8892 19.24952 51.94935
175.0898 16.79555 59.53957
175.2902 18.63688 53.65704
175.5049 16.88004 59.24158
175.7096 17.12776 58.38475
175.9131 19.4726 51.35422
176.1296 16.82502 59.43528
176.345 17.34194 57.66368
176.5799 35.28832 28.33799
176.7951 18.31875 54.58887
177.0108 16.81205 59.48116
177.2173 31.12642 32.12705
177.4305 25.17787 39.71741
177.6516 22.09439 45.26036
177.8568 22.93337 43.60458
178.063 20.44086 48.92162
178.2769 21.3869 46.75761
178.4787 29.86194 33.48745
178.6958 22.30446 44.83408
178.9065 23.10206 43.28619
179.1172 19.41533 51.50571
179.32 17.01053 58.78713
179.5299 16.80582 59.50321
179.7399 17.51721 57.08673
179.9438 17.00891 58.7927
180.1462 16.9427 59.02248
