# time dt fps
0.22 100 10
0.4989513 89.78644 11.13754
0.7754455 100 10
1.042194 86.66154 11.53914
1.258453 20.28704 49.29256
1.461372 19.6242 50.95748
1.676996 19.16374 52.18188
1.885708 16.66966 59.98923
2.085863 18.62924 53.67907
2.297914 19.84241 50.39712
2.514717 19.61431 50.98318
2.722221 16.76825 59.63653
2.933774 19.90073 50.2494
3.145858 18.68578 53.51664
3.361673 19.3035 51.80408
3.570614 16.75872 59.67043
3.78168 19.0262 52.55912
3.989823 19.33082 51.73087
4.201905 19.8676 50.33321
4.414219 19.06846 52.44263
4.617604 19.16681 52.17351
4.82934 19.57243 51.09228
5.038845 16.87724 59.25138
5.249527 19.33778 51.71223
5.458561 16.71843 59.81424
5.66958 18.72298 53.4103
5.882978 23.90445 41.83322
6.101152 19.42763 51.47308
6.309732 19.94741 50.13183
6.522393 19.82691 50.43651
6.734316 20.67278 48.37278
6.938758 16.80545 59.50449
7.150147 20.45925 48.87765
7.358012 19.85781 50.35803
7.566035 18.01448 55.51088
7.774267 17.13918 58.34585
7.98264 19.03183 52.54356
8.190005 16.78317 59.5835
8.401291 19.26314 51.91263
8.610267 20.25341 49.3744
8.817396 19.1611 52.18907
9.021993 16.67196 59.98093
9.230292 21.26774 47.01958
9.438218 18.27842 54.70934
9.646445 16.78848 59.56464
9.854535 17.47944 57.21007
10.0621 17.09903 58.48286
10.27027 19.68711 50.79465
10.47147 29.61945 33.7616
10.67388 19.0507 52.49151
10.88112 19.3784 51.60384
11.09007 19.56026 51.12406
11.29551 16.85556 59.32759
11.50223 16.81667 59.46481
11.71053 16.90681 59.14776
11.91833 19.6199 50.96865
12.12548 19.78705 50.5381
12.33045 19.07595 52.42203
12.53748 19.29776 51.81948
12.74364 16.947 59.0075
12.94977 19.20067 52.08152
13.15435 16.7532 59.69009
13.36255 20.44798 48.90459
13.5667 16.78326 59.58317
13.77334 19.32537 51.74544
13.9782 20.00152 49.99619
14.18314 16.76247 59.65706
14.38901 18.31539 54.5989
14.59296 18.79928 53.19353
14.79422 16.66698 59.99887
15.00173 19.73594 50.66899
15.20635 19.14784 52.22522
15.41343 18.59682 53.77262
15.61875 16.8645 59.29616
15.82732 16.79056 59.55728
16.03035 16.75511 59.68327
16.23447 16.71452 59.82824
16.45107 16.72787 59.78047
16.65319 18.44052 54.2284
16.86985 16.67893 59.95587
17.07414 17.12753 58.38554
17.27779 19.30142 51.80967
17.48212 18.99837 52.63609
17.68535 18.93019 52.82568
17.88646 16.71563 59.82426
18.09439 19.73578 50.66938
18.29798 19.35012 51.67926
18.50246 16.84764 59.3555
18.70278 16.83144 59.41263
18.90281 16.70735 59.8539
19.10667 16.67584 59.96699
19.32566 19.10211 52.35024
19.52699 16.97127 58.92311
19.73437 19.70532 50.74772
19.93483 16.74822 59.70783
20.13857 17.32175 57.73088
20.33973 16.79077 59.55655
20.5426 17.06302 58.60629
20.7586 16.73726 59.74693
20.95863 16.68641 59.929
21.15878 16.82609 59.4315
21.37882 20.20054 49.50363
21.59738 18.62064 53.70383
21.81382 18.4761 54.12396
22.03081 20.15132 49.62455
22.24697 17.1839 58.194
22.45916 16.70065 59.8779
22.66319 16.91737 59.11084
22.86842 16.71842 59.81427
23.06968 19.24598 51.9589
23.27026 19.02797 52.55421
23.47512 17.21184 58.09954
23.67975 17.28222 57.86293
23.89071 20.21865 49.45929
24.09424 19.10172 52.35131
24.29823 19.96579 50.08567
24.50709 19.41382 51.50971
24.71129 16.75582 59.68075
24.91528 16.75126 59.697
25.12377 21.02739 47.55703
25.32582 19.66678 50.84716
25.52982 19.58714 51.05391
25.73485 16.85262 59.33796
25.94299 20.21661 49.46428
26.14628 19.31937 51.76151
26.35095 16.87513 59.25882
26.55766 18.54599 53.92001
26.76597 19.0195 52.57761
26.97317 18.583 53.81263
27.18272 19.63247 50.93602
27.39043 20.65507 48.41427
27.5943 20.75382 48.18389
27.80168 19.85215 50.37238
28.01121 17.1507 58.30664
28.22991 27.87308 35.87691
28.44226 20.2527 49.37612
28.64957 18.45408 54.18855
28.85682 18.97846 52.69131
29.06959 19.52765 51.20943
29.2776 18.83752 53.08553
29.48572 18.90727 52.88971
29.69745 19.3785 51.60358
29.90694 19.56707 51.10628
30.11753 19.30754 51.79324
30.32757 21.00274 47.61283
30.53738 18.6214 53.70166
30.74627 20.29042 49.28434
30.95787 19.5607 51.12293
31.16884 18.77798 53.25386
31.37831 19.74998 50.63297
31.58997 18.8273 53.11438
31.80104 19.01826 52.58105
32.00986 20.11441 49.71561
32.21799 19.13192 52.26868
32.43002 20.21355 49.47176
32.64527 18.96679 52.72375
32.85796 19.68971 50.78796
33.07377 20.00843 49.97894
33.28767 21.90043 45.66121
33.498 19.65679 50.873
33.71421 19.55545 51.13664
33.92957 18.43623 54.24103
34.14162 19.0375 52.52792
34.34285 21.14975 47.28187
34.55364 19.53407 51.19259
34.7657 19.66226 50.85885
34.98217 21.2178 47.13023
35.19449 19.30904 51.78922
35.40978 20.71654 48.27061
35.62618 21.17601 47.22324
35.82634 20.06545 49.83689
36.03461 17.55595 56.96074
36.25445 20.83989 47.9849
36.45473 20.52236 48.72734
36.67367 20.8311 48.00515
36.87451 20.46658 48.86013
37.09362 19.3363 51.71621
37.29383 19.76582 50.59238
37.49453 19.72938 50.68584
37.69529 21.24019 47.08055
37.91395 20.68406 48.34641
38.1298 19.92019 50.20031
38.34635 19.26629 51.90412
38.55033 20.10377 49.74192
38.77029 21.3427 46.85442
38.97098 21.20112 47.16731
39.18977 19.41931 51.49513
39.39077 21.4529 46.61374
39.60595 20.45632 48.88464
39.82185 20.13334 49.66885
40.02268 21.11445 47.36093
40.23498 20.34354 49.15566
40.44997 19.66954 50.84002
40.6744 33.36541 29.97116
40.89099 16.72665 59.78483
41.10602 19.14001 52.24656
41.32228 16.66735 59.99752
41.54186 19.94016 50.15005
41.76137 20.31657 49.22091
41.97887 20.55564 48.64844
42.19822 20.60979 48.52063
42.41838 20.42928 48.94936
42.61898 21.1004 47.39248
42.82123 20.02916 49.92721
43.02224 19.16487 52.17881
43.22623 19.63126 50.93917
43.42701 20.95898 47.71224
43.64641 20.83461 47.99707
43.8496 19.6734 50.83005
44.0505 20.28022 49.30913
44.25063 19.30219 51.80758
44.46928 20.14932 49.62947
44.68589 16.78085 59.59174
44.90573 20.18437 49.54329
45.12126 19.63201 50.93721
45.33926 21.48654 46.54077
45.55376 19.15097 52.21667
45.75385 20.39172 49.03951
45.9737 20.19192 49.52477
46.18982 19.56256 51.11804
46.39006 19.34938 51.68126
46.59048 20.52232 48.72742
46.81024 19.85745 50.35894
47.02296 32.45781 30.80923
47.23885 20.72553 48.24966
47.4544 17.08196 58.54129
47.67326 19.85112 50.37498
47.89037 20.05234 49.8695
48.10978 19.57522 51.08501
48.3254 19.59599 51.03085
48.54164 18.20624 54.92623
48.74186 19.67317 50.83064
48.94188 19.47396 51.35061
49.14373 22.70868 44.03603
49.36222 19.61228 50.98847
49.58176 19.91146 50.22233
49.78328 20.8466 47.96944
49.9854 17.89909 55.86875
50.19753 19.50812 51.26071
50.40104 17.40466 57.45587
50.61082 21.19218 47.18721
50.81818 23.31293 42.89465
51.02212 20.16268 49.59658
51.22641 20.25691 49.36586
51.43459 21.4848 46.54453
51.65393 19.59504 51.03332
51.86206 20.38292 49.0607
52.07036 18.71671 53.42818
52.27762 19.13375 52.26367
52.48266 20.96912 47.68916
52.69004 19.86387 50.34267
52.89471 21.31455 46.91631
53.10171 18.6503 53.61844
53.31079 20.03064 49.92351
53.51326 22.58902 44.26929
53.72187 20.29941 49.26252
53.9301 18.89038 52.937
54.1376 19.23098 51.99944
54.34313 21.98324 45.4892
54.54617 19.80306 50.49726
54.74992 17.8363 56.06543
54.95377 20.07336 49.81726
55.15508 21.13828 47.30754
55.37515 21.6859 46.1129
55.5937 19.73924 50.66051
55.79445 20.23273 49.42485
56.01088 20.99473 47.631
56.22484 18.65904 53.59332
56.44191 19.30624 51.79671
56.64194 20.16631 49.58765
56.85799 20.31685 49.22022
57.07391 19.86563 50.3382
57.29016 19.2228 52.02157
57.50626 20.47813 48.83258
57.72546 19.94916 50.12743
57.94169 20.42235 48.96595
58.15381 16.85246 59.33852
58.36245 19.66409 50.85413
58.58178 20.04916 49.8774
58.79815 20.04629 49.88454
59.01457 17.47515 57.22412
59.21774 19.86456 50.34092
59.43447 16.82579 59.43259
59.65405 19.71331 50.72714
59.86619 20.54141 48.68216
60.06635 19.84441 50.39203
60.28553 19.43518 51.45309
60.48608 18.60753 53.74167
60.68641 19.73234 50.67824
60.8892 19.19814 52.08838
61.09045 20.33172 49.18422
61.3107 20.94677 47.74005
61.51701 19.54317 51.16877
61.71865 20.57454 48.60375
61.92597 20.91365 47.81566
62.12972 19.98034 50.0492
62.33025 21.43566 46.65123
62.53739 19.37795 51.60503
62.74244 19.88481 50.28964
62.95044 20.2778 49.31502
63.15888 20.96369 47.70152
63.36695 20.63385 48.46405
63.57907 21.55217 46.39904
63.78109 18.72072 53.41676
63.99078 19.78923 50.53253
64.2028 21.03291 47.54455
64.41611 22.74511 43.96549
64.62562 19.37439 51.61454
64.83879 20.11137 49.72311
65.05016 19.56414 51.11391
65.2658 23.51468 42.52662
65.47527 20.53756 48.69128
65.68708 19.8473 50.38469
65.89042 23.22246 43.06177
66.11028 21.07723 47.44456
66.32589 19.92524 50.1876
66.53927 20.69456 48.32187
66.75388 19.45126 51.41054
66.96676 20.64197 48.44498
67.17144 22.004 45.44629
67.37858 20.40977 48.99615
67.58173 19.53315 51.19501
67.79015 19.98121 50.04701
67.99481 20.18877 49.53249
68.1981 20.24932 49.38437
68.40157 19.80559 50.49079
68.60558 19.74579 50.6437
68.81129 21.29385 46.96191
69.03059 20.50963 48.75758
69.2337 20.37892 49.07032
69.43467 20.92666 47.78593
69.63748 19.36822 51.63097
69.85388 19.92153 50.19695
70.07036 16.66719 59.99811
70.28899 19.28138 51.8635
70.5014 18.74257 53.35446
70.71896 20.91743 47.80701
70.93339 18.54409 53.92554
71.14645 17.00789 58.79625
71.3653 18.94156 52.79396
71.57819 16.90028 59.17063
71.79428 19.68686 50.79531
72.00685 16.77631 59.60786
72.22249 20.24198 49.40229
72.44267 21.15516 47.26981
72.66183 19.54569 51.16217
72.87362 19.54912 51.15319
73.07462 20.49485 48.79274
73.29391 19.57103 51.09592
73.5138 20.14681 49.63564
73.71385 20.14362 49.64351
73.91411 19.57933 51.07428
74.12984 16.70301 59.86943
74.33098 20.64953 48.42726
74.53181 20.24115 49.4043
74.75044 20.26344 49.34995
74.95195 21.28636 46.97844
75.16727 20.99428 47.63202
75.38144 19.81237 50.47352
75.59406 20.13401 49.6672
75.80918 18.25076 54.79224
76.02261 20.04306 49.89258
76.23743 19.90296 50.24379
76.45435 21.07679 47.44556
76.67361 19.89108 50.27379
76.87372 20.023 49.94257
77.07757 19.38872 51.57637
77.29829 20.79714 48.08353
77.50124 19.10884 52.33179
77.70657 20.44664 48.90778
77.90948 19.26775 51.9002
78.1137 19.00023 52.63094
78.3187 21.21461 47.13732
78.52769 20.94901 47.73495
78.73727 20.0166 49.95855
78.94207 19.34841 51.68384
79.14691 36.88091 27.1143
79.35918 20.22386 49.44654
79.56536 19.11597 52.31229
79.77457 20.95818 47.71407
79.97694 18.5957 53.77587
80.18707 19.99946 50.00135
80.39737 20.01762 49.95598
80.60178 19.43149 51.46287
80.80204 16.90409 59.15726
81.00628 20.74729 48.19908
81.22578 19.71879 50.71305
81.43047 20.28801 49.2902
81.6339 20.17374 49.56939
81.85393 20.17189 49.57394
82.05396 19.54202 51.17178
82.2733 20.06533 49.83721
82.49308 20.16134 49.59988
82.69824 20.94106 47.75307
82.90234 20.01154 49.97118
83.10623 20.3126 49.23052
83.32588 19.65281 50.88331
83.52955 20.00168 49.9958
83.74109 22.62886 44.19135
83.95728 19.0763 52.42107
84.16527 20.11017 49.72609
84.3699 19.87866 50.3052
84.57852 20.86594 47.925
84.78204 20.4053 49.00688
84.99397 20.50324 48.77279
85.20106 18.99995 52.63172
85.411 22.64038 44.16886
85.62263 20.93484 47.76725
85.83381 20.1726 49.57219
86.04677 20.08112 49.79801
86.26141 21.66896 46.14897
86.47301 22.56231 44.3217
86.67436 19.47253 51.3544
86.88325 21.51775 46.47325
87.08612 20.06871 49.82881
87.28632 19.94411 50.14011
87.50598 19.77286 50.57438
87.70971 19.21324 52.04745
87.92632 16.70954 59.84605
88.14244 20.73068 48.23769
88.35786 20.03552 49.91135
88.57358 19.09542 52.36859
88.79099 20.49371 48.79547
89.00608 19.86581 50.33774
89.22121 19.14023 52.24598
89.43816 18.49558 54.06697
89.65392 20.33346 49.18003
89.86949 19.5206 51.22794
90.08174 16.73416 59.75802
90.29884 20.56857 48.61786
90.51409 20.3862 49.0528
90.72646 21.76014 45.95558
90.94135 19.8791 50.30408
91.1574 18.00337 55.54516
91.37019 20.21093 49.47818
91.58567 20.04184 49.89561
91.78581 18.40322 54.33832
91.98599 20.53406 48.69958
92.2018 19.76573 50.59263
92.41104 20.44333 48.91571
92.6304 20.71305 48.27874
92.84616 16.74892 59.70534
93.04652 20.4066 49.00375
93.2614 19.46286 51.3799
93.4616 19.69604 50.77162
93.68251 21.54621 46.41187
93.90289 21.24236 47.07576
94.10519 19.4993 51.28389
94.32721 22.25424 44.93525
94.53059 20.36548 49.1027
94.73772 20.11505 49.71402
94.94242 19.16749 52.17167
95.15144 20.38095 49.06543
95.36255 19.78943 50.53202
95.5817 24.35344 41.06196
95.79597 21.00296 47.61234
96.00638 19.28837 51.84472
96.21879 21.38183 46.76869
96.42863 17.77681 56.25307
96.6431 21.11358 47.36289
96.85374 20.30782 49.24211
97.06271 20.90195 47.84243
97.27077 21.23793 47.08557
97.47441 19.24765 51.9544
97.67776 19.83376 50.41909
97.88176 19.50941 51.25732
98.08231 20.70895 48.2883
98.28592 18.29331 54.66479
98.50252 20.47448 48.84129
98.72213 19.62137 50.96484
98.92242 18.96413 52.73112
99.13755 18.87141 52.99021
99.35498 20.33326 49.1805
99.5694 19.62775 50.94827
99.78188 20.10845 49.73035
99.99436 20.52025 48.73236
100.2067 16.91246 59.12799
100.4178 16.67375 59.97451
100.6344 19.41364 51.51017
100.8457 19.48689 51.31656
101.0615 19.93358 50.16661
101.2747 16.94001 59.03183
101.4944 20.14948 49.62906
101.7104 19.74262 50.65184
101.9266 19.86254 50.34603
102.141 19.17856 52.14157
102.3571 18.70386 53.4649
102.5575 19.6097 50.99518
102.7773 20.0694 49.8271
102.9795 21.02894 47.55352
103.1983 19.8398 50.40374
103.4179 20.09796 49.75629
103.6187 21.19426 47.18259
103.8382 20.2683 49.33812
104.0421 20.55071 48.66013
104.2458 19.53092 51.20086
104.45 18.78719 53.22775
104.6575 22.54743 44.35096
104.862 20.49601 48.78998
105.0706 20.82425 48.02094
105.2822 19.42258 51.48647
105.4897 20.61033 48.51935
105.693 17.87407 55.94696
105.9022 19.91878 50.20389
106.115 19.53684 51.18534
106.3339 19.97258 50.06863
106.5348 20.91726 47.80742
106.7514 16.88325 59.23031
106.9692 19.26572 51.90566
107.182 16.6939 59.90213
107.3985 21.61384 46.26664
107.6144 20.40921 48.99749
107.8306 19.94039 50.14946
108.0385 16.7358 59.75216
108.2508 17.69977 56.49791
108.4622 19.01013 52.60353
108.6701 16.6668 59.99951
108.8784 16.76096 59.66245
109.089 18.15227 55.08954
109.2978 19.66857 50.84254
109.5096 19.33417 51.7219
109.7224 17.49105 57.1721
109.9333 19.58584 51.05729
110.1349 20.58017 48.59048
110.3536 19.00577 52.6156
110.5539 19.7424 50.6524
110.7696 19.21007 52.05602
110.9738 19.1218 52.29633
111.1857 19.72674 50.69261
111.3862 19.97782 50.05552
111.6021 16.71074 59.84177
111.8217 19.84461 50.39152
112.0217 19.82449 50.44267
112.222 19.46413 51.37657
112.4418 20.22726 49.43822
112.6615 23.30299 42.91294
112.882 20.44305 48.91639
113.0983 19.52563 51.21474
113.3179 19.98862 50.02847
113.5187 19.89704 50.25874
113.7387 20.93162 47.7746
113.9589 20.60926 48.52188
114.1781 19.47795 51.34012
114.3786 19.47067 51.3593
114.5987 20.19792 49.51005
114.7991 20.82803 48.01222
115.0174 18.71717 53.42687
115.2189 20.91919 47.80299
115.4392 21.70997 46.06178
115.6427 20.56446 48.62757
115.846 19.89767 50.25713
116.0495 20.21535 49.46736
116.2555 21.92338 45.6134
116.4657 19.42546 51.47884
116.6753 19.85305 50.37011
116.8928 26.12663 38.27512
117.0987 19.57961 51.07355
117.3098 23.40489 42.72611
117.5184 20.73959 48.21697
117.7273 20.88498 47.88129
117.9346 19.17922 52.13976
118.1461 20.20134 49.50166
118.3539 19.53926 51.17902
118.566 20.525 48.72108
118.7704 19.27435 51.88244
118.9751 20.84864 47.96476
119.1781 19.97997 50.05013
119.3833 21.46225 46.59344
119.6019 18.94364 52.78816
119.8027 19.54186 51.17221
120.0226 20.44165 48.91973
120.2416 19.17953 52.13892
120.4423 20.0992 49.75323
120.6429 19.93297 50.16814
120.8615 19.03352 52.5389
121.0625 19.92137 50.19736
121.2732 22.8673 43.73056
121.4874 16.89599 59.18563
121.6935 19.62944 50.9439
121.8946 20.29371 49.27634
122.1015 19.80352 50.49607
122.3055 18.97546 52.69964
122.5136 19.12588 52.28518
122.7252 21.95795 45.54159
122.9341 24.6863 40.5083
123.135 20.92713 47.78486
123.338 19.57936 51.0742
123.5547 19.97627 50.05939
123.7697 18.83892 53.0816
123.9852 19.53025 51.20262
124.1985 19.92537 50.18728
124.4137 20.12596 49.68708
124.6223 16.67304 59.97705
124.8351 16.84748 59.35607
125.0464 20.22482 49.44421
125.2575 19.70722 50.74283
125.4743 20.46994 48.85211
125.6864 19.51454 51.24384
125.8917 24.06909 41.54707
126.1101 19.46619 51.37112
126.3262 20.13544 49.66369
126.5425 20.86636 47.92403
126.7546 20.39517 49.03122
126.9741 19.75679 50.61551
127.1792 21.10287 47.38691
127.3941 19.16582 52.1762
127.614 20.22509 49.44353
127.8155 20.54583 48.67168
128.0178 19.95113 50.12248
128.2218 20.31503 49.22465
128.426 19.48245 51.32825
128.6403 21.04005 47.5284
128.8541 24.80824 40.30918
129.0627 20.85495 47.95026
129.2742 19.79687 50.51304
129.4857 21.9386 45.58175
129.6984 20.31492 49.2249
129.9195 25.16843 39.73231
130.1339 23.10243 43.28549
130.3463 19.37114 51.62318
130.5621 19.9374 50.15701
130.7761 21.72287 46.03443
130.9906 20.49815 48.7849
131.2067 20.70919 48.28773
131.4227 19.23368 51.99214
131.634 19.68886 50.79015
131.8427 19.90385 50.24153
132.0511 20.47041 48.851
132.2622 19.24833 51.95255
132.4656 19.69075 50.78527
132.6693 19.12546 52.28632
132.8699 19.5661 51.10881
133.0902 20.27118 49.33111
133.2903 19.77942 50.5576
133.4906 19.99746 50.00635
133.691 20.41298 48.98843
133.9063 20.32948 49.18966
134.1219 19.93835 50.1546
134.3381 18.63374 53.66609
134.554 19.22087 52.02677
134.7695 19.52976 51.2039
134.9855 19.60646 51.00359
135.2019 19.8026 50.49842
135.415 20.39039 49.04271
135.6256 19.66709 50.84637
135.8344 19.59511 51.03314
136.0433 16.87427 59.26183
136.2545 17.08751 58.52227
136.4692 19.53936 51.17875
136.678 16.66909 59.99127
136.8895 19.69875 50.76463
137.106 19.83021 50.4281
137.3181 16.8005 59.52205
137.5339 19.79021 50.53003
137.7495 18.67308 53.55303
137.9628 17.30718 57.77948
138.1822 22.97186 43.53152
138.3949 20.16101 49.60069
138.6095 19.48875 51.31165
138.8227 20.28622 49.29454
139.0417 19.24026 51.97437
139.2581 17.05146 58.64601
139.4622 20.50691 48.76405
139.6778 20.05255 49.86896
139.8781 19.81384 50.46978
140.0982 20.60395 48.53437
140.3134 19.52112 51.22656
140.53 19.82844 50.43261
140.7465 19.43082 51.46462
140.9621 19.20246 52.07667
141.1784 16.87103 59.27319
141.3822 18.42599 54.27116
141.5856 19.97369 50.06585
141.786 19.94965 50.1262
141.99 18.91716 52.86206
142.1993 20.25438 49.37204
142.4016 18.94531 52.78352
142.6104 20.0189 49.9528
142.8145 20.64645 48.43448
143.0214 18.78982 53.22031
143.2223 20.35608 49.12536
143.4305 20.41146 48.99208
143.6379 20.27918 49.31165
143.8533 22.58421 44.27872
144.0625 20.26323 49.35048
144.2702 20.16652 49.58713
144.4832 20.37914 49.06977
144.6861 21.41463 46.69706
144.8945 21.83816 45.7914
145.0982 16.79053 59.55738
145.2983 20.29007 49.2852
145.5181 20.39999 49.01964
145.7348 20.49702 48.78758
145.9349 20.62446 48.48611
146.1497 19.44773 51.41988
146.3656 19.46668 51.36983
146.5671 20.56791 48.61944
146.7856 20.27611 49.31913
147.0021 19.20787 52.06198
147.2026 20.64117 48.44686
147.4192 19.81487 50.46716
147.634 20.25705 49.36552
147.8506 19.4113 51.51638
148.0546 20.04285 49.8931
148.2549 20.4644 48.86536
148.4747 20.84621 47.97034
148.6782 19.90121 50.24819
148.8868 20.62505 48.48474
149.0944 20.19576 49.51535
149.3034 21.21956 47.12632
149.5096 19.00458 52.6189
149.7178 23.66302 42.26003
149.9265 20.08567 49.78675
150.1381 19.1743 52.15315
150.3468 19.71378 50.72594
150.5581 19.96456 50.08875
150.7669 20.60619 48.5291
150.9754 19.88021 50.30129
151.1781 20.3912 49.04075
151.3992 21.65994 46.16818
151.614 18.73662 53.37142
151.8298 18.99696 52.64
152.0495 20.02524 49.93697
152.2659 19.67539 50.82492
152.482 19.56758 51.10495
152.6993 17.35399 57.62364
152.9183 20.46462 48.86482
153.126 19.89734 50.25797
153.3261 19.18798 52.11595
153.5265 18.96756 52.7216
153.7298 19.50282 51.27464
153.9347 20.85188 47.95731
154.138 19.81715 50.46135
154.3432 19.82247 50.4478
154.5508 20.39302 49.03639
154.7581 20.08363 49.79179
154.9657 19.73842 50.66261
155.1704 19.55218 51.14519
155.3734 19.96155 50.0963
155.5866 20.58049 48.58971
155.8078 23.31161 42.89708
156.0177 19.76952 50.58293
156.2348 21.45437 46.61055
156.4474 21.38109 46.7703
156.6554 20.50891 48.7593
156.8622 19.48931 51.31018
157.0708 20.11741 49.70819
157.2789 21.52837 46.45033
157.4822 20.07524 49.81261
157.7019 19.83219 50.42307
157.9024 19.81005 50.47943
158.1026 19.55442 51.13934
158.323 21.0206 47.57238
158.5309 20.45403 48.89011
158.7352 21.07608 47.44716
158.9542 20.37853 49.07126
159.1582 20.3064 49.24556
159.3589 21.44247 46.63642
159.5617 19.04591 52.50472
159.7619 18.98675 52.66832
159.9661 20.27505 49.32169
160.1703 19.32434 51.7482
160.3897 19.78297 50.54853
160.5908 21.01936 47.57519
160.7941 19.24836 51.95248
160.9947 20.29313 49.27775
161.1949 21.08496 47.42718
161.4143 19.78462 50.54431
161.6217 19.52129 51.22612
161.8223 18.98833 52.66393
162.0265 20.14155 49.64862
162.231 21.62984 46.23243
162.4551 24.56819 40.70304
162.6706 20.03912 49.9024
162.8861 16.68636 59.92918
163.0869 20.73017 48.23887
163.3053 19.36851 51.6302
163.5186 16.7285 59.77822
163.7333 18.02739 55.47116
163.9507 20.5416 48.68171
164.1697 19.60023 51.01982
164.3701 18.26395 54.75266
164.5742 19.82202 50.44896
164.7818 20.46151 48.87225
164.9857 20.18551 49.54048
165.1866 19.16039 52.191
165.3898 18.94973 52.7712
165.5973 19.37341 51.61715
165.7985 21.2241 47.11625
166.0019 19.48156 51.33059
166.2112 22.08431 45.28101
166.4193 21.00522 47.60721
166.6306 20.27604 49.31931
166.8385 18.9986 52.63545
167.0468 19.79289 50.5232
167.2551 20.65026 48.42554
167.4633 22.0657 45.31919
167.6752 19.83541 50.41489
167.8823 19.8354 50.41491
168.091 20.23386 49.42212
168.3025 19.27641 51.87687
168.5177 21.58378 46.33109
168.735 20.14423 49.64201
168.9509 20.72326 48.25495
169.1661 23.29696 42.92405
169.3829 20.14355 49.6437
169.6025 22.45588 44.53176
169.818 19.73429 50.67321
170.0344 19.96528 50.08695
170.2503 19.702 50.75626
170.4684 22.30804 44.82689
170.6788 20.05361 49.86633
170.886 18.85309 53.04169
171.0901 20.29322 49.27753
171.2915 21.28657 46.97797
171.5113 20.8355 47.99502
171.7306 20.94268 47.74937
171.9466 20.56151 48.63455
172.1616 18.08124 55.30595
172.3781 20.41261 48.98934
172.5787 20.96978 47.68768
172.7956 20.51491 48.74503
173.0136 19.01468 52.59095
173.23 19.50101 51.27941
173.4464 19.37632 51.60938
173.6619 19.86076 50.35055
173.8795 20.99559 47.62904
174.0945 21.53765 46.43032
174.3064 19.50689 51.26394
174.518 18.91835 52.85874
174.7264 16.7125 59.83546
174.9392 16.67884 59.95622
175.1538 19.25373 51.93799
175.3656 19.34043 51.70517
175.5745 19.78359 50.54695
175.7861 19.38179 51.59483
175.9978 19.55795 51.1301
176.2099 18.00834 55.52984
176.4231 19.72704 50.69184
176.6349 19.96896 50.07771
176.8505 20.09751 49.75742
177.0657 19.9743 50.06433
177.2829 20.64808 48.43064
177.4945 20.52228 48.72753
177.7102 19.31114 51.78358
177.9257 18.19001 54.97524
178.1421 20.25491 49.37074
178.3425 23.76464 42.07933
178.5584 18.60749 53.7418
178.7749 20.89541 47.8574
178.9934 19.08195 52.40554
179.2113 21.85084 45.76484
179.4298 19.11419 52.31715
179.6302 20.26715 49.34093
179.8498 20.74813 48.19711
180.0502 19.98669 50.03329
